Nombre: Isai
Matricula: 2201501
Calificaciones: 67.0 87.0 97.0 100.0 78.0 99.0 87.0 
Promedio: 87.85714285714286
Nombre: Gareth
Matricula: 2201602
Calificaciones: 67.0 87.0 97.0 100.0 78.0 99.0 87.0 
Promedio: 87.85714285714286
Nombre: Sofia
Matricula: 2201703
Calificaciones: 67.0 87.0 97.0 100.0 78.0 99.0 87.0 
Promedio: 87.85714285714286
